ID,area,quartos,suites,vagas,preco
353534.00,110.00,3.00,1.00,2.00,880000.00
366113.00,101.89,3.00,1.00,4.00,900000.00
186728.00,191.00,3.00,1.00,3.00,920000.00
366115.00,101.89,3.00,1.00,4.00,950000.00
353022.00,280.61,3.00,1.00,4.00,1000000.00
353498.00,205.00,3.00,1.00,2.00,1050000.00
331331.00,272.00,3.00,2.00,3.00,1400000.00
378079.00,90.00,3.00,1.00,4.00,750000.00
378182.00,115.00,3.00,1.00,2.00,750000.00
353450.00,112.00,3.00,1.00,2.00,775000.00
134215.00,227.16,3.00,1.00,2.00,780000.00
134216.00,106.36,3.00,1.00,2.00,780000.00
366104.00,101.89,3.00,1.00,3.00,790000.00
366111.00,101.89,3.00,1.00,3.00,850000.00
387964.00,190.00,4.00,1.00,2.00,850000.00
353500.00,110.00,3.00,1.00,2.00,880000.00
353502.00,110.00,3.00,1.00,2.00,880000.00
381850.00,85.00,3.00,1.00,2.00,650000.00
134221.00,100.36,3.00,1.00,2.00,660000.00
375183.00,92.00,4.00,1.00,2.00,675000.00
370716.00,100.25,3.00,1.00,2.00,680000.00
374281.00,165.00,4.00,1.00,2.00,690000.00
353447.00,112.00,3.00,1.00,2.00,710000.00
353449.00,112.00,3.00,1.00,2.00,725000.00
374408.00,138.00,4.00,1.00,2.00,750000.00
376035.00,127.00,3.00,1.00,2.00,750000.00
371502.00,126.00,3.00,1.00,2.00,750000.00
145049.00,87.13,3.00,1.00,2.00,595000.00
145051.00,87.13,3.00,1.00,2.00,599000.00
370440.00,130.00,3.00,1.00,2.00,600000.00
361244.00,160.00,4.00,1.00,2.00,600000.00
381375.00,105.00,3.00,1.00,2.00,630000.00
168632.00,85.00,3.00,1.00,2.00,630000.00
358050.00,286.00,3.00,1.00,3.00,630000.00
357133.00,120.00,3.00,1.00,1.00,640000.00
134219.00,100.96,3.00,1.00,2.00,640000.00
358466.00,98.00,3.00,1.00,2.00,650000.00
386503.00,120.00,3.00,1.00,2.00,550000.00
381501.00,104.00,3.00,1.00,2.00,550000.00
370494.00,88.00,3.00,1.00,2.00,560000.00
375250.00,150.00,3.00,1.00,2.00,560000.00
339454.00,105.00,3.00,1.00,2.00,570000.00
326950.00,100.00,3.00,1.00,2.00,580000.00
305767.00,100.00,3.00,1.00,1.00,580000.00
376668.00,95.00,3.00,1.00,2.00,580000.00
387065.00,120.00,3.00,1.00,2.00,580000.00
368471.00,115.00,3.00,2.00,2.00,585000.00
382636.00,80.00,3.00,1.00,2.00,490000.00
386597.00,236.00,3.00,0.00,2.00,490000.00
353459.00,87.13,3.00,1.00,2.00,497000.00
145053.00,87.13,3.00,1.00,2.00,499000.00
386438.00,90.00,3.00,1.00,2.00,500000.00
145054.00,87.13,3.00,1.00,2.00,505000.00
145055.00,87.13,3.00,1.00,2.00,510000.00
382639.00,80.00,3.00,1.00,2.00,510000.00
368154.00,168.00,3.00,1.00,2.00,530000.00
370772.00,170.00,3.00,1.00,2.00,550000.00
367520.00,80.00,3.00,1.00,1.00,460000.00
381526.00,100.00,3.00,1.00,1.00,470000.00
371869.00,114.00,3.00,1.00,2.00,470000.00
382673.00,70.00,2.00,1.00,2.00,480000.00
383428.00,80.00,3.00,1.00,2.00,480000.00
384011.00,196.00,3.00,1.00,2.00,480000.00
382622.00,70.00,2.00,1.00,2.00,480000.00
355117.00,79.00,3.00,1.00,2.00,485000.00
378289.00,165.00,3.00,1.00,1.00,490000.00
379581.00,80.00,3.00,1.00,3.00,490000.00
384617.00,110.00,3.00,1.00,1.00,400000.00
371429.00,140.00,3.00,0.00,1.00,400000.00
377017.00,80.00,3.00,1.00,2.00,410000.00
357744.00,130.00,3.00,0.00,1.00,410000.00
306369.00,93.38,3.00,1.00,2.00,430000.00
382003.00,100.00,3.00,1.00,2.00,430000.00
341199.00,148.00,3.00,1.00,2.00,435000.00
346102.00,76.00,3.00,0.00,1.00,435000.00
364804.00,100.00,3.00,1.00,2.00,440000.00
369228.00,100.00,3.00,1.00,1.00,450000.00
361290.00,100.00,3.00,1.00,1.00,350000.00
385734.00,26.00,3.00,0.00,1.00,350000.00
308723.00,115.00,3.00,1.00,1.00,355000.00
360831.00,93.57,3.00,1.00,1.00,360000.00
373485.00,90.00,3.00,0.00,1.00,360000.00
384641.00,90.00,2.00,1.00,1.00,360000.00
384115.00,100.00,3.00,1.00,1.00,360000.00
383335.00,105.00,3.00,1.00,2.00,395000.00
384483.00,140.00,3.00,1.00,1.00,400000.00
350076.00,90.00,3.00,0.00,0.00,260000.00
388315.00,88.38,3.00,1.00,1.00,285000.00
347139.00,100.00,3.00,0.00,1.00,310000.00
371662.00,100.00,3.00,1.00,1.00,320000.00
368408.00,104.00,3.00,1.00,1.00,330000.00
181240.00,94.76,3.00,1.00,1.00,330000.00
382028.00,90.40,3.00,1.00,1.00,330000.00
382029.00,90.40,3.00,1.00,1.00,330000.00
383077.00,84.00,3.00,1.00,1.00,340000.00
275106.00,180.00,3.00,1.00,1.00,340000.00
372042.00,110.00,4.00,1.00,1.00,400000.00
344279.00,154.67,4.00,1.00,1.00,420000.00
131388.00,154.00,4.00,1.00,2.00,450000.00
376209.00,150.00,4.00,1.00,1.00,450000.00
376821.00,140.00,4.00,1.00,2.00,450000.00
326780.00,186.00,4.00,1.00,1.00,520000.00
362988.00,205.00,4.00,0.00,2.00,550000.00
370560.00,100.00,4.00,1.00,3.00,550000.00
375250.00,150.00,3.00,1.00,2.00,560000.00
340869.00,172.00,4.00,1.00,2.00,598000.00
361244.00,160.00,4.00,1.00,2.00,600000.00
126919.00,138.00,4.00,1.00,2.00,600000.00
358682.00,157.00,4.00,1.00,2.00,610000.00
340509.00,170.00,4.00,1.00,2.00,635000.00
348412.00,150.00,4.00,1.00,2.00,640000.00
134219.00,100.96,3.00,1.00,2.00,640000.00
342327.00,160.00,4.00,1.00,1.00,650000.00
370052.00,92.00,3.00,1.00,2.00,650000.00
375414.00,160.00,4.00,1.00,2.00,690000.00
374281.00,165.00,4.00,1.00,2.00,690000.00
388204.00,131.00,4.00,1.00,2.00,690000.00
370562.00,160.00,4.00,1.00,2.00,700000.00
359397.00,159.39,4.00,1.00,2.00,710000.00
359229.00,140.00,4.00,1.00,2.00,720000.00
371507.00,140.00,4.00,1.00,2.00,720000.00
366672.00,160.00,4.00,1.00,3.00,720000.00
374408.00,138.00,4.00,1.00,2.00,750000.00
376035.00,127.00,3.00,1.00,2.00,750000.00
379991.00,138.00,4.00,1.00,2.00,750000.00
382844.00,180.00,4.00,1.00,2.00,750000.00
347551.00,150.00,4.00,1.00,3.00,750000.00
158968.00,160.00,4.00,1.00,2.00,760000.00
145061.00,87.13,3.00,1.00,2.00,765000.00
145063.00,87.13,3.00,1.00,2.00,775000.00
376741.00,160.00,4.00,1.00,2.00,780000.00
371888.00,146.89,4.00,1.00,3.00,800000.00
308728.00,187.00,4.00,2.00,2.00,800000.00
363363.00,292.56,5.00,0.00,2.00,850000.00
363507.00,210.00,4.00,1.00,2.00,850000.00
370527.00,127.00,4.00,1.00,2.00,850000.00
377230.00,127.22,4.00,1.00,2.00,850000.00
387964.00,190.00,4.00,1.00,2.00,850000.00
383975.00,150.00,4.00,1.00,2.00,850000.00
383939.00,235.85,4.00,1.00,2.00,860000.00
379708.00,138.00,4.00,1.00,3.00,860000.00
383625.00,128.53,4.00,1.00,3.00,870000.00
374670.00,150.00,4.00,1.00,2.00,890000.00
163058.00,199.00,4.00,1.00,2.00,895000.00
383507.00,130.00,4.00,1.00,2.00,930000.00
383531.00,130.00,4.00,1.00,2.00,950000.00
365332.00,182.10,4.00,2.00,3.00,960000.00
339390.00,168.00,3.00,1.00,3.00,980000.00
186724.00,210.00,4.00,1.00,3.00,1080000.00
174900.00,213.00,4.00,1.00,3.00,1100000.00
359139.00,266.00,4.00,1.00,2.00,1100000.00
353505.00,220.00,3.00,2.00,3.00,1250000.00
369604.00,400.00,4.00,0.00,2.00,1275000.00
382748.00,218.00,4.00,2.00,3.00,1300000.00
385545.00,158.00,4.00,0.00,3.00,1330000.00
370174.00,275.00,4.00,2.00,3.00,1450000.00
184660.00,320.00,4.00,1.00,4.00,1600000.00
387139.00,336.24,4.00,2.00,3.00,1650000.00
364715.00,178.00,4.00,2.00,4.00,1670000.00
364716.00,178.00,4.00,2.00,4.00,1670000.00
387928.00,162.00,4.00,3.00,4.00,1800000.00
374746.00,210.00,4.00,4.00,4.00,1800000.00
271639.00,340.00,4.00,2.00,4.00,2025000.00
362755.00,65.00,2.00,0.00,1.00,250000.00
373084.00,68.00,2.00,1.00,0.00,260000.00
369932.00,51.15,2.00,0.00,1.00,295000.00
176401.00,80.00,2.00,0.00,0.00,310000.00
385017.00,73.00,2.00,0.00,1.00,310000.00
346088.00,75.00,2.00,0.00,1.00,320000.00
352855.00,93.64,2.00,0.00,1.00,330000.00
370941.00,93.64,2.00,0.00,1.00,330000.00
373714.00,87.99,2.00,0.00,2.00,340000.00
384641.00,90.00,2.00,1.00,1.00,360000.00
340960.00,103.30,2.00,1.00,2.00,380000.00
374289.00,75.00,2.00,1.00,1.00,390000.00
377388.00,75.00,2.00,1.00,1.00,390000.00
387933.00,70.00,2.00,1.00,2.00,420000.00
369983.00,70.00,2.00,1.00,2.00,445000.00
119989.00,80.00,2.00,0.00,1.00,450000.00
355850.00,65.00,2.00,2.00,2.00,450000.00
304853.00,66.20,2.00,1.00,2.00,456000.00
304880.00,66.20,2.00,1.00,2.00,456000.00
304882.00,66.20,2.00,1.00,2.00,456000.00
304884.00,66.20,2.00,1.00,2.00,456000.00
387428.00,66.20,2.00,1.00,2.00,456000.00
387431.00,66.20,2.00,1.00,2.00,456000.00
387432.00,66.20,2.00,1.00,2.00,456000.00
387433.00,66.20,2.00,1.00,2.00,456000.00
354573.00,80.79,2.00,0.00,1.00,458000.00
367520.00,80.00,3.00,1.00,1.00,460000.00
304904.00,66.20,2.00,1.00,2.00,468000.00
341840.00,70.00,2.00,2.00,2.00,470000.00
341841.00,70.00,2.00,2.00,2.00,470000.00
304922.00,66.20,2.00,1.00,2.00,479000.00
304923.00,66.20,2.00,1.00,2.00,479000.00
304924.00,66.20,2.00,1.00,2.00,479000.00
304928.00,66.20,2.00,1.00,2.00,479000.00
304930.00,66.20,2.00,1.00,2.00,479000.00
304901.00,66.20,2.00,1.00,2.00,479000.00
341843.00,70.00,2.00,2.00,2.00,480000.00
341839.00,70.00,2.00,2.00,2.00,480000.00
341837.00,70.00,2.00,2.00,2.00,490000.00
304936.00,66.20,2.00,1.00,2.00,493000.00
304945.00,66.20,2.00,1.00,2.00,493000.00
304947.00,66.20,2.00,1.00,2.00,493000.00
371731.00,81.99,2.00,1.00,2.00,494885.00
356182.00,67.00,2.00,1.00,2.00,496823.37
371735.00,81.99,2.00,1.00,2.00,499783.00
381711.00,70.00,2.00,2.00,2.00,500000.00
367196.00,72.24,2.00,2.00,2.00,500000.00
341845.00,70.00,2.00,2.00,2.00,510000.00
151387.00,81.99,2.00,1.00,2.00,514565.00
371737.00,81.99,2.00,1.00,2.00,524892.00
341847.00,70.00,2.00,2.00,2.00,550000.00
341846.00,70.00,2.00,2.00,2.00,620000.00
378182.00,115.00,3.00,1.00,2.00,750000.00
